v3.0 hex words plain

0 0 0 0 0 0 0 0 0 
5 9 f 0 0 0 0 0 0 
14 0 0 0 0 0 4e 0 0 
0 0 0 0 0 48 0 0 0 
0 0 0 0 0 44 0 0 0 
0 0 0 41 0 0 0 0 0 
0 0 0 0 0 0 0 0 0 
0 19 0 0 0 0 0 0 0 
0 0 0 0 0 0 0 0 0 
0 0 0 0 0 0 0 0 0 
0 0 0 0 0 0 0 0 0 
0 0 0 0 0 0 0 0 0 
0 0 0 0 0 0 0 0 0 
0 0 0 0 0 0 0 0 0 
0 0 0 1d 2d 0 0 28 0 
0 0 1d 2d 0 0 28 0 0 
0 1d 2d 0 0 28 0 0 0 
1d 2d 0 0 28 0 0 0 0 
0 0 0 28 0 0 0 0 0 
0 0 28 0 0 0 0 0 0 
0 28 0 0 38 0 0 0 0 
0 0 0 0 23 0 0 0 34 
0 0 0 0 0 0 0 28 0 
0 0 0 0 0 0 28 0 0 
3d 0 0 0 0 0 0 0 3d 
0 0 0 0 0 0 0 3d 0 
0 0 0 0 0 0 3d 0 0 
0 0 0 0 0 3d 